100
25 31
15 20
4 36
1 17
17 20
6 35
23 26
13 30
8 24
14 31
24 27
1 28
12 34
36 39
18 35
13 35
4 5
3 23
22 38
9 16
21 37
9 39
16 38
22 25
14 36
12 39
2 11
3 18
1 38
11 15
15 16
7 21
1 26
3 11
8 9
3 17
27 33
16 29
18 31
20 31
10 19
16 23
7 18
13 19
6 7
2 7
38 39
10 25
24 25
8 39
5 33
29 36
1 30
2 29
28 29
15 32
19 22
27 37
5 23
7 20
5 36
12 37
13 40
19 32
6 15
5 29
3 37
11 30
7 27
21 23
13 28
3 9
14 35
2 40
29 32
5 38
7 30
1 7
13 33
5 6
5 19
32 37
11 24
22 31
3 14
23 30
13 36
37 39
1 36
19 25
6 22
3 13
10 39
17 32
20 36
4 39
30 35
1 27
11 32
24 32
